1. 813286	13784.5
2. 14224719	10926.5
3. 15131310	9047.83
4. 31567254	8997.97
5. 16409683	7859.85
6. 14075928	6294.36
7. 7040932	6135.11
8. 12687952	4806.44
9. 5380672	4599.82
10. 26784273	2705.98
11. 5741722	2606.09
12. 6149912	2364.46
13. 6449282	2222.01
14. 14994465	2181.33
15. 17850012	2050.55
16. 14230524	1961.23
17. 30973	1945.44
18. 20385404	1803.55
19. 16559157	1705.72
20. 16569530	1682.61
21. 5210841	1653.83
22. 14389132	1649.81
23. 12589972	1634.22
24. 11915432	1597.83
25. 14079425	1580.87
26. 8453452	1559.05
27. 2557521	1547.25
28. 14669398	1546.39
29. 16832632	1532.12
30. 21836409	1512.37
31. 14430060	1505.08
32. 15947185	1478.86
33. 14886375	1465.61
34. 15021099	1461.01
35. 12504732	1451.97
36. 18539631	1451.65
37. 14076588	1445.94
38. 18238282	1433.24
39. 2884771	1428.79
40. 17681513	1418.59
41. 15117375	1415.17
42. 14938818	1396.05
43. 19362341	1386.12
44. 15641893	1383.56
45. 21611257	1377.25
46. 14213491	1376.76
47. 11622712	1371.07
48. 15991049	1370.82
49. 18073211	1329.86
50. 15158464	1319.1
51. 20806376	1307.64
52. 804455	1298.37
53. 17242874	1287.48
54. 15816264	1268.07
55. 8071902	1264.33
56. 16150075	1260.79
57. 10546442	1259.78
58. 5520952	1257.67
59. 22955283	1256.04
60. 15195171	1245.85
61. 19734025	1239.29
62. 18791763	1234.44
63. 5392522	1224.68
64. 14261168	1218.66
65. 5656402	1214.76
66. 15600217	1211.21
67. 25595508	1181.88
68. 18153673	1179.76
69. 17093617	1179.24
70. 13082862	1178.08
71. 18932935	1169.41
72. 14164855	1163.24
73. 21114240	1163.23
74. 14542767	1159.54
75. 12144232	1157.14
76. 9274492	1142.04
77. 19107253	1137.37
78. 15770446	1135.33
79. 16899075	1126.53
80. 13348	1126.41
81. 9473532	1124.66
82. 5417132	1107.53
83. 16061242	1099.98
84. 19053307	1091.29
85. 16181186	1077.45
86. 21908338	1075.59
87. 21743635	1072.13
88. 23125933	1069.7
89. 9753672	1067.52
90. 14415928	1063.48
91. 9720292	1057.04
92. 31345485	1056.36
93. 20331733	1055.93
94. 804204	1049.48
95. 12044602	1045.39
96. 16481781	1039.3
97. 770759	1034.43
98. 18506975	1033.14
99. 13820332	1031.85
100. 30621351	1029.82

 === REPORT FOR pagerank() ===
[Numeric]
cachesize_mb:		0
compression:		0
execthreads:		4
loadthreads:		4
membudget_mb:		800
niothreads:		2
niters:		4
nshards:		57
nvertices:		6.15784e+07
scheduler:		0
serialized-updates:		8.3436e+07	(count: 232, min: 15142, max: 932264, avg: 359638)
stripesize:		1.07374e+09
updates:		2.46314e+08
work:		5.87346e+09
[Timings]
execute-updates:		113.451s	 (count: 232, min: 0.012796s, max: 2.05151, avg: 0.489013s)
iomgr_init:		0.000115 s
memoryshard_create_edges:		440.088s	 (count: 232, min: 0.166202s, max: 12.939, avg: 1.89693s)
preada_now:		1592.07s	 (count: 2148, min: 2.1e-05s, max: 15.9993, avg: 0.741186s)
pwritea_now:		0.941973s	 (count: 58, min: 0.001093s, max: 0.775708, avg: 0.0162409s)
runtime:		1221.16 s
stripedio_wait_for_reads:		0.00056s	 (count: 232, min: 1e-06s, max: 9e-06, avg: 2.41379e-06s)
stripedio_wait_for_writes:		0.001407s	 (count: 233, min: 1e-06s, max: 1e-05, avg: 6.03863e-06s)
[Other]
app:	pagerank
engine:	default
file:	/home/hduser/IRE_MAJOR/dataset/TwitterGraph/Graphchi-Shrads/twitter_rv.net

real	20m24.610s
user	26m21.816s
sys	2m1.920s

