12	13
12	14
12	15
12	16
12	17
12	18
12	20
12	21
12	22
12	23
12	24
12	31
12	38
12	41
12	47
12	52
12	53
12	56
12	57
12	58
12	59
12	60
12	61
12	62
12	64
12	67
12	69
12	70
12	76
12	87
12	89
12	92
12	94
12	104
12	107
12	126
12	136
12	150
12	187
12	188
12	203
12	222
12	235
12	237
12	238
12	242
12	246
12	257
12	259
12	260
12	277
12	278
12	288
12	291
12	292
12	295
12	299
12	304
12	306
12	322
12	324
12	334
12	338
12	346
12	348
12	364
12	380
12	409
12	414
12	418
12	422
12	446
12	456
12	506
12	509
12	528
12	541
12	544
12	581
12	586
12	614
12	648
12	649
12	662
12	675
12	681
12	711
12	747
12	767
12	781
12	794
12	795
12	841
12	874
12	875
12	880
12	885
12	888
12	922
12	929
12	934
12	936
12	978
12	985
12	988
12	989
12	1001
12	1004
12	1075
12	1083
12	1084
12	1085
12	1102
12	1117
12	1153
12	1154
12	1173
12	1186
12	1192
12	1265
12	1298
12	1371
12	1378
12	1469
12	1497
12	1501
12	1507
12	1530
12	1548
12	1567
12	1583
12	1589
12	1666
12	1668
12	1676
12	1688
12	1705
12	1814
12	1929
12	1941
12	1970
12	1974
12	1978
12	1992
12	2024
12	2026
12	2053
12	2092
12	2152
12	2159
12	2167
12	2172
12	2185
12	2241
12	2294
12	2391
12	2405
12	2478
12	2483
12	2518
12	2520
12	2542
12	2627
12	2654
12	2656
12	2666
12	2672
12	2676
12	2746
12	2764
12	2784
12	2796
12	2807
12	2834
12	2862
12	2874
12	2900
12	2910
12	2922
12	2977
12	3065
12	3114
12	3146
12	3148
12	3206
12	3221
12	3249
12	3264
12	3269
12	3271
12	3273
12	3282
12	3283
12	3302
12	3330
12	3373
12	3382
12	3416
12	3475
12	3476
12	3479
12	3519
12	3520
12	3522
12	3804
12	3825
12	3839
12	3840
12	3844
12	3922
12	3936
12	3961
12	3968
12	3981
12	4010
12	4015
12	4025
12	4178
12	4228
12	4244
12	4269
12	4403
12	4404
12	4474
12	4488
12	4489
12	4592
12	4598
12	4615
12	4629
12	4652
12	4666
12	4674
12	4678
12	4704
12	4726
12	4736
12	4737
12	4761
12	4776
12	4785
12	4806
12	4812
12	4823
12	4847
12	4849
12	4899
12	4902
12	4931
12	4935
12	4936
12	4967
12	5017
12	5028
12	5039
12	5052
12	5061
12	5064
12	5074
12	5100
12	5149
12	5151
12	5167
12	5177
12	5202
12	5212
12	5215
12	5227
12	5242
12	5256
12	5264
12	5307
12	5380
12	5471
12	5487
12	5501
12	5517
12	5561
12	5574
12	5593
12	5608
12	5616
12	5672
12	5679
12	5702
12	5754
12	5782
12	5798
12	5814
12	5940
12	5943
12	5976
12	5977
12	6037
12	6106
12	6140
12	6210
12	6233
12	6325
12	6343
12	6408
12	6417
12	6438
12	6463
12	6499
12	6524
12	6592
12	6668
12	6709
12	6721
12	6723
12	6735
12	6941
12	6954
12	6975
12	6979
12	6989
12	7083
12	7149
12	7178
12	7219
12	7221
12	7224
12	7252
12	7265
12	7266
12	7298
12	7301
12	7459
12	7492
12	7497
12	7557
12	7581
12	7618
12	7666
12	7755
12	7795
12	7846
12	7848
12	8081
12	8258
12	8273
12	8356
12	8362
12	8412
12	8450
12	8491
12	8555
12	8557
12	8584
12	8596
12	8633
12	8708
12	8722
12	8803
12	8882
12	8922
12	8983
12	9119
12	9138
12	9272
12	9337
12	9446
12	9952
12	10038
12	10051
12	10078
12	10149
12	10163
12	10178
12	10193
12	10202
12	10221
12	10230
12	10233
12	10237
12	10239
12	10265
12	10286
12	10326
12	10343
12	10350
12	10365
12	10393
12	10396
12	10416
12	10419
12	10433
12	10496
12	10522
12	10532
12	10578
12	10591
12	10637
12	10638
12	10641
12	10658
12	10706
12	10737
12	10749
12	10781
12	10842
12	10859
12	10860
12	10866
12	10881
12	10887
12	10923
12	10960
12	10967
12	10997
12	11041
12	11042
12	11088
12	11095
12	11113
12	11162
12	11219
12	11309
12	11321
12	11330
12	11333
12	11346
12	11432
12	11455
12	11489
12	11504
12	11513
12	11522
12	11523
12	11552
12	11623
12	11660
12	11662
12	11752
12	11756
12	11770
12	11848
12	11862
12	11866
12	11871
12	11882
12	11885
12	11900
12	11946
12	12005
12	12006
12	12062
12	12085
12	12111
12	12187
12	12189
12	12268
12	12269
12	12291
12	12305
12	12322
12	12335
12	12370
12	12371
12	12376
12	12440
12	12458
12	12522
12	12543
12	12548
12	12564
12	12573
12	12580
12	12615
12	12644
12	12770
12	12773
12	12801
12	12810
12	12864
12	12866
12	12902
12	12916
12	13010
12	13032
12	13040
12	13041
12	13046
12	13050
12	13054
12	13117
12	13139
12	13215
12	13224
12	13227
12	13266
12	13315
12	13322
12	13327
12	13341
12	13348
12	13349
12	13352
12	13361
12	13364
12	13370
12	13373
12	13391
12	13400
12	13403
12	13405
12	13406
12	13407
12	13423
12	13439
12	13453
12	13470
12	13476
12	13479
12	13486
12	13512
12	13518
12	13527
12	13567
12	13582
12	13586
12	13591
12	13655
12	13666
12	13667
12	13696
12	13714
12	13833
12	13943
12	13993
12	14163
12	14283
12	14583
12	14723
12	14763
12	14823
12	14893
12	16103
12	16613
12	17353
12	18493
12	18713
12	18723
12	18893
12	19703
12	19853
12	20243
12	20283
12	20373
12	20503
12	20533
12	21733
12	22153
12	22203
12	22253
12	22263
12	22603
12	23023
12	23433
12	23803
12	23833
12	23983
12	24263
12	24503
12	24693
12	24973
12	25413
12	25493
12	25553
12	26163
12	27053
12	27873
12	28023
12	28043
12	28243
12	28513
12	28763
12	28873
12	29043
12	29283
12	29353
12	29803
12	30473
12	30923
12	30953
12	30963
12	31253
12	31383
12	31393
12	31733
12	32893
12	33063
12	33313
12	33353
12	34543
12	34863
12	34883
12	35223
12	35873
12	36093
12	36183
12	36243
12	36823
12	37223
12	37573
12	37613
12	37823
12	38523
12	39293
12	39593
12	39623
12	39653
12	39683
12	40013
12	40153
12	40473
12	41023
12	41873
12	42983
12	43093
12	43693
12	43813
12	43913
12	44253
12	44583
12	45013
12	45463
12	45803
12	46063
12	46273
12	46713
12	46833
12	46943
12	47013
12	47083
12	47293
12	48243
12	48263
12	48273
12	48933
12	49543
12	49753
12	49943
12	50043
12	50613
12	50713
12	51013
12	51463
12	51723
12	51793
12	51813
12	51943
12	52343
12	52533
12	52653
12	53003
12	53213
12	53223
12	53543
12	53613
12	53793
12	53953
12	54613
12	54903
12	55063
12	55993
12	56153
12	56623
12	57533
12	57813
12	58113
12	58123
12	58303
12	58313
12	58363
12	58403
12	58963
12	59223
12	59873
12	60203
12	60663
12	61253
12	62423
12	62623
12	62653
12	62783
12	63793
12	64313
12	65073
12	66183
12	66393
12	66593
12	66653
12	68153
12	68453
12	68723
12	68833
12	69173
12	69393
12	69893
12	71323
12	71903
12	72303
12	72373
12	73813
12	74003
12	74253
12	74673
12	74783
12	75363
12	75533
12	76013
12	76093
12	76373
12	76423
12	76553
12	77063
12	77113
12	77223
12	78213
12	78253
12	78413
12	78733
12	79053
12	79153
12	79543
12	80133
12	80523
12	81033
12	81213
12	81503
12	82063
12	82143
12	82243
12	82473
12	91283
12	99723
12	105083
12	109293
12	110613
12	111743
12	116533
12	123143
12	146663
12	147863
12	154603
12	169363
12	176373
12	182123
12	182383
12	183813
12	186023
12	187063
12	200783
12	229523
12	231363
12	236983
12	238373
12	242203
12	246103
12	249713
12	256043
12	256453
12	264213
12	266963
12	267143
12	269933
12	273383
12	273753
12	277053
12	291363
12	300383
12	301903
12	305963
12	309073
12	310123
12	320103
12	325403
12	327843
12	334503
12	336113
12	338323
12	364693
12	365753
12	367693
12	374023
12	378833
12	383033
12	384613
12	392703
12	399113
12	404133
12	404193
12	406073
12	414003
12	414853
12	415003
12	418753
12	422703
12	428633
12	431033
12	432093
12	436673
12	443213
12	449463
12	451643
12	453593
12	453823
12	461053
12	468793
12	472583
12	478343
12	511283
12	517963
12	519493
12	526293
12	533593
12	544423
12	546763
12	549623
12	557543
12	562363
12	571323
12	591293
12	592313
12	598083
12	606983
12	607093
12	607493
12	607693
12	607833
12	608283
12	608393
12	608473
12	608773
12	609083
12	609353
12	609543
12	611613
12	611823
12	612573
12	613453
12	613873
12	614543
12	614683
12	614833
12	615213
12	615243
12	615413
12	615573
12	615603
12	615713
12	615723
12	616113
12	616253
12	616503
12	616723
12	616963
12	617053
12	617643
12	618053
12	618183
12	618413
12	618593
12	618673
12	618733
12	619333
12	619863
12	620233
12	620553
12	620863
12	621103
12	621133
12	621323
12	621433
12	621483
12	621713
12	623183
12	625323
12	625943
12	626413
12	626433
12	627623
12	627693
12	627833
12	628563
12	628833
12	628993
12	629603
12	629743
12	629883
12	629903
12	630113
12	630163
12	630793
12	631263
12	631423
12	631503
12	631593
12	631823
12	631923
12	632043
12	632173
12	633293
12	633703
12	633813
12	634003
12	634163
12	634433
12	634703
12	635013
12	635383
12	636483
12	636683
12	637443
12	637473
12	637483
12	637763
12	638083
12	638473
12	638773
12	639553
12	639733
12	640093
12	640183
12	640653
12	642873
12	643103
12	643143
12	643323
12	643383
12	643463
12	643793
12	644773
12	645033
12	645173
12	645343
12	645403
12	645693
12	645813
12	646033
12	646043
12	646583
12	646623
12	646813
12	647223
12	647773
12	648533
12	649053
12	649823
12	649913
12	650383
12	650573
12	651003
12	651263
12	651623
12	651843
12	652193
12	652313
12	652903
12	653573
12	654533
12	654563
12	654943
12	655093
12	655223
12	655973
12	656043
12	657863
12	658033
12	659023
12	659213
12	659243
12	659433
12	659823
12	659943
12	662323
12	662423
12	662433
12	662623
12	662683
12	662693
12	662783
12	662953
12	663563
12	663633
12	664523
12	664903
12	665013
12	665403
12	665663
12	665713
12	665773
12	666073
12	666523
12	666663
12	666913
12	667023
12	667203
